Tổng quãng đường thực tế: 4261.01 km
Số xe sử dụng: 160
Giá trị Objective cuối cùng: 4261.01
Tổng thời gian chạy: 180.08 giây
----------------------------------------
Route #1 (Xe 0): 0 1377 736 1151 628 799 916 1145 708 676 364 0
Route #2 (Xe 1): 0 215 710 857 606 1386 666 497 846 1571 185 0
Route #3 (Xe 2): 0 1589 433 795 1455 340 895 1495 280 127 454 0
Route #4 (Xe 3): 0 1378 220 1207 837 1598 5 793 593 1408 223 0
Route #5 (Xe 4): 0 689 1120 246 1310 1376 816 1534 1277 1040 228 0
Route #6 (Xe 5): 0 400 1272 48 99 898 1563 514 111 643 601 0
Route #7 (Xe 6): 0 1445 121 367 775 1290 1089 145 1492 539 600 0
Route #8 (Xe 7): 0 1578 398 1581 784 1524 1426 645 334 1124 372 0
Route #9 (Xe 8): 0 8 477 1365 725 954 1466 888 232 940 1582 0
Route #10 (Xe 9): 0 674 967 108 463 965 1220 1339 1480 1553 692 0
Route #11 (Xe 10): 0 476 789 1258 830 1412 1331 966 663 1188 787 0
Route #12 (Xe 11): 0 1366 66 1489 226 505 1558 1133 1007 445 583 0
Route #13 (Xe 12): 0 1051 30 912 1338 288 1470 335 155 355 123 0
Route #14 (Xe 13): 0 649 943 1508 453 329 321 575 1123 783 1042 0
Route #15 (Xe 14): 0 1138 1004 550 1441 1121 842 485 295 357 635 0
Route #16 (Xe 15): 0 1325 594 1375 110 680 1158 765 1530 917 316 0
Route #17 (Xe 16): 0 871 1274 138 597 740 758 1057 491 756 282 0
Route #18 (Xe 17): 0 884 805 894 675 582 992 973 1291 169 447 0
Route #19 (Xe 18): 0 196 129 1113 654 1421 1358 558 833 440 752 0
Route #20 (Xe 19): 0 869 1178 730 874 1293 1436 747 1543 12 303 0
Route #21 (Xe 20): 0 1229 345 1255 273 1552 1280 923 256 952 1518 0
Route #22 (Xe 21): 0 1050 134 1503 287 54 159 1023 164 290 363 0
Route #23 (Xe 22): 0 459 180 803 1286 959 934 977 501 332 103 0
Route #24 (Xe 23): 0 179 266 1008 908 210 190 366 681 1363 182 0
Route #25 (Xe 24): 0 269 161 1197 349 177 1414 807 743 1461 1271 0
Route #26 (Xe 25): 0 901 430 1183 455 1038 1169 1573 439 1404 543 0
Route #27 (Xe 26): 0 1309 714 1058 1549 212 1116 1315 1439 1109 534 0
Route #28 (Xe 27): 0 509 987 667 478 779 697 381 918 348 893 0
Route #29 (Xe 28): 0 1015 1362 1299 1388 224 479 1181 1329 928 1344 0
Route #30 (Xe 29): 0 427 1136 1560 376 1283 1483 891 1187 1326 51 0
Route #31 (Xe 30): 0 685 1351 308 383 537 395 1230 788 452 343 0
Route #32 (Xe 31): 0 1074 64 443 1517 2 197 1544 392 640 609 0
Route #33 (Xe 32): 0 1139 65 207 1191 258 835 1359 475 148 25 0
Route #34 (Xe 33): 0 390 639 1588 346 75 1179 6 94 745 526 0
Route #35 (Xe 34): 0 848 492 1476 630 608 985 1532 1341 250 173 0
Route #36 (Xe 35): 0 576 1268 1112 1246 1005 1568 1055 1327 181 337 0
Route #37 (Xe 36): 0 544 1330 621 861 1482 245 122 203 1434 911 0
Route #38 (Xe 37): 0 1147 1599 887 586 63 1087 764 1047 1302 818 0
Route #39 (Xe 38): 0 151 1313 194 790 1088 150 1430 1472 997 705 0
Route #40 (Xe 39): 0 135 498 996 682 496 1380 751 1282 785 338 0
Route #41 (Xe 40): 0 17 147 523 222 402 1499 470 574 252 1385 0
Route #42 (Xe 41): 0 78 1453 457 824 131 1433 1217 792 632 1198 0
Route #43 (Xe 42): 0 157 300 487 737 1276 495 919 1523 466 673 0
Route #44 (Xe 43): 0 301 488 257 102 813 1041 1474 126 809 1049 0
Route #45 (Xe 44): 0 1349 305 724 577 1570 771 375 679 1002 1540 0
Route #46 (Xe 45): 0 1264 432 167 1204 1368 124 1496 87 1071 1395 0
Route #47 (Xe 46): 0 542 1340 749 1078 504 592 1484 96 1046 379 0
Route #48 (Xe 47): 0 1108 719 1085 636 507 1456 378 892 1514 1510 0
Route #49 (Xe 48): 0 931 922 1110 1401 1585 39 847 37 720 721 0
Route #50 (Xe 49): 0 761 1545 1231 307 913 829 1525 731 401 214 0
Route #51 (Xe 50): 0 1196 93 1166 165 936 658 950 551 1259 50 0
Route #52 (Xe 51): 0 1201 333 896 1555 304 26 1262 382 1460 914 0
Route #53 (Xe 52): 0 738 877 828 158 318 1070 1020 218 1206 653 0
Route #54 (Xe 53): 0 963 1440 933 370 294 769 535 1337 352 1119 0
Route #55 (Xe 54): 0 43 556 231 11 698 907 956 1093 1148 1010 0
Route #56 (Xe 55): 0 1185 579 156 120 406 1347 880 403 1159 1228 0
Route #57 (Xe 56): 0 1141 238 1360 411 648 610 562 133 806 750 0
Route #58 (Xe 57): 0 1462 1288 821 968 613 538 578 687 1257 431 0
Route #59 (Xe 58): 0 528 356 144 1308 1100 281 532 1281 927 311 0
Route #60 (Xe 59): 0 100 16 839 620 1574 1211 369 825 1266 930 0
Route #61 (Xe 60): 0 1334 1168 1559 1092 458 941 732 1289 1507 1062 0
Route #62 (Xe 61): 0 989 741 474 565 684 1355 89 200 186 1465 0
Route #63 (Xe 62): 0 241 1199 1026 766 1402 1590 1575 1167 1422 323 0
Route #64 (Xe 63): 0 581 1063 1437 260 314 860 939 1361 1511 1379 0
Route #65 (Xe 64): 0 906 727 1227 836 248 1345 1531 1529 1413 1232 0
Route #66 (Xe 65): 0 1432 1485 1490 456 1416 1381 36 350 704 1311 0
Route #67 (Xe 66): 0 986 420 1390 412 235 1076 603 641 822 61 0
Route #68 (Xe 67): 0 516 1454 414 508 1223 1398 669 1132 416 626 0
Route #69 (Xe 68): 0 948 722 1370 1301 1260 850 573 1105 313 1210 0
Route #70 (Xe 69): 0 209 1029 482 882 1128 840 513 115 969 817 0
Route #71 (Xe 70): 0 1428 1442 688 975 915 227 172 958 1467 819 0
Route #72 (Xe 71): 0 1384 435 554 263 1504 1080 546 112 1068 786 0
Route #73 (Xe 72): 0 1494 358 1177 625 924 885 1464 289 229 563 0
Route #74 (Xe 73): 0 201 1501 1067 519 677 616 637 1486 804 116 0
Route #75 (Xe 74): 0 1444 521 188 962 1175 798 448 31 1505 195 0
Route #76 (Xe 75): 0 1097 712 942 1397 1031 461 1193 713 974 272 0
Route #77 (Xe 76): 0 1324 1303 1028 982 744 1593 843 1209 826 696 0
Route #78 (Xe 77): 0 388 1012 1098 77 584 261 1134 442 128 107 0
Route #79 (Xe 78): 0 864 1294 74 1221 1357 762 13 926 208 434 0
Route #80 (Xe 79): 0 143 1203 451 1576 125 1583 591 533 146 59 0
Route #81 (Xe 80): 0 23 399 820 315 292 755 1146 204 391 691 0
Route #82 (Xe 81): 0 527 1153 415 668 24 774 153 1335 202 647 0
Route #83 (Xe 82): 0 35 1452 823 1241 1170 465 425 510 520 1129 0
Route #84 (Xe 83): 0 1546 84 1279 851 1306 1095 1192 1316 1270 1548 0
Route #85 (Xe 84): 0 3 268 1300 404 1473 1140 7 1156 480 1222 0
Route #86 (Xe 85): 0 297 70 1174 1086 644 278 322 18 104 365 0
Route #87 (Xe 86): 0 14 1468 184 118 553 4 802 831 1107 854 0
Route #88 (Xe 87): 0 1449 20 672 876 183 253 810 1213 446 1275 0
Route #89 (Xe 88): 0 97 1491 1006 489 462 397 502 686 1333 1562 0
Route #90 (Xe 89): 0 216 1292 464 422 1595 957 503 279 275 211 0
Route #91 (Xe 90): 0 483 236 1094 192 530 1597 1459 44 1565 1265 0
Route #92 (Xe 91): 0 883 938 946 408 776 1391 964 993 309 1284 0
Route #93 (Xe 92): 0 251 1521 437 623 386 58 1016 1009 796 991 0
Route #94 (Xe 93): 0 598 28 73 247 1551 1407 1580 552 22 525 0
Route #95 (Xe 94): 0 1557 1287 1493 1189 1469 1126 405 652 1533 1200 0
Route #96 (Xe 95): 0 277 979 1160 1481 1374 694 1253 994 1035 1102 0
Route #97 (Xe 96): 0 1429 1372 879 670 1591 91 105 657 1387 142 0
Route #98 (Xe 97): 0 353 1208 1254 536 1106 1450 98 782 206 1431 0
Route #99 (Xe 98): 0 168 493 1001 811 284 328 81 1443 1269 988 0
Route #100 (Xe 99): 0 1352 1396 678 1415 140 595 21 83 481 838 0
Route #101 (Xe 100): 0 971 56 1471 1342 1356 1418 522 249 815 1321 0
Route #102 (Xe 101): 0 729 199 1 1522 1125 1393 659 1373 71 889 0
Route #103 (Xe 102): 0 1520 237 1586 410 354 834 568 1536 925 428 0
Route #104 (Xe 103): 0 1446 512 1111 646 1579 162 296 360 1019 735 0
Route #105 (Xe 104): 0 999 1369 1075 494 1336 1572 1205 377 1320 374 0
Route #106 (Xe 105): 0 394 655 119 46 760 243 1104 1061 1550 1234 0
Route #107 (Xe 106): 0 1143 413 80 67 1202 560 233 981 175 733 0
Route #108 (Xe 107): 0 812 325 1163 1022 1383 566 114 772 683 342 0
Route #109 (Xe 108): 0 339 1537 1137 1034 612 1054 868 1072 152 605 0
Route #110 (Xe 109): 0 1542 642 618 240 909 293 524 500 661 396 0
Route #111 (Xe 110): 0 1155 137 1171 1083 1448 1526 748 1248 82 1014 0
Route #112 (Xe 111): 0 1400 264 1103 189 76 38 1348 1569 890 368 0
Route #113 (Xe 112): 0 1164 1045 865 286 130 1090 529 317 780 312 0
Route #114 (Xe 113): 0 259 331 1239 905 1594 801 1091 602 1463 1502 0
Route #115 (Xe 114): 0 418 1233 622 1304 709 486 34 423 298 1172 0
Route #116 (Xe 115): 0 862 832 19 230 571 1024 90 1237 344 1060 0
Route #117 (Xe 116): 0 1323 1218 327 1519 1052 336 624 849 878 109 0
Route #118 (Xe 117): 0 373 1101 855 68 1478 101 1162 1161 1566 469 0
Route #119 (Xe 118): 0 935 291 1406 944 904 921 995 270 1073 1295 0
Route #120 (Xe 119): 0 1417 426 1389 897 45 1081 154 468 1127 853 0
Route #121 (Xe 120): 0 326 596 1527 1364 1082 1250 27 791 660 1184 0
Route #122 (Xe 121): 0 1305 690 450 1032 693 1438 1350 187 1018 1152 0
Route #123 (Xe 122): 0 139 1328 467 518 244 299 1263 541 1451 1214 0
Route #124 (Xe 123): 0 1165 490 92 171 742 1066 1539 1354 178 254 0
Route #125 (Xe 124): 0 1251 827 739 998 149 768 1190 1030 1142 1538 0
Route #126 (Xe 125): 0 1244 808 57 341 753 1394 85 163 113 1195 0
Route #127 (Xe 126): 0 570 1216 1447 421 983 371 1509 1382 929 517 0
Route #128 (Xe 127): 0 359 1084 900 1419 1176 728 910 664 559 1353 0
Route #129 (Xe 128): 0 1224 777 1596 1409 604 1027 699 656 549 285 0
Route #130 (Xe 129): 0 1314 852 444 1180 441 471 873 55 1516 387 0
Route #131 (Xe 130): 0 1122 191 634 970 1240 283 1498 306 1225 1099 0
Route #132 (Xe 131): 0 870 1307 580 902 1135 937 417 49 79 1592 0
Route #133 (Xe 132): 0 711 170 814 1242 106 1252 1194 778 1410 990 0
Route #134 (Xe 133): 0 69 1273 953 797 920 978 759 1115 844 302 0
Route #135 (Xe 134): 0 1186 217 1547 858 757 899 718 436 1238 429 0
Route #136 (Xe 135): 0 881 32 10 1157 1013 351 460 1587 1435 1256 0
Route #137 (Xe 136): 0 856 198 9 1215 1053 706 384 590 1243 1033 0
Route #138 (Xe 137): 0 1371 763 219 531 234 1247 1267 1317 1392 1144 0
Route #139 (Xe 138): 0 700 1278 972 651 548 702 42 160 193 132 0
Route #140 (Xe 139): 0 1346 255 1475 1332 617 961 1261 770 1056 781 0
Route #141 (Xe 140): 0 638 320 511 419 746 1424 955 599 267 1420 0
Route #142 (Xe 141): 0 555 205 1584 726 611 1367 794 734 33 484 0
Route #143 (Xe 142): 0 1011 695 239 984 1077 1528 557 136 665 1044 0
Route #144 (Xe 143): 0 1343 1479 903 95 1117 1535 932 271 29 72 0
Route #145 (Xe 144): 0 1048 572 1003 60 506 86 499 715 619 1021 0
Route #146 (Xe 145): 0 1069 886 662 716 567 1245 1096 1131 561 265 0
Route #147 (Xe 146): 0 1236 1037 872 947 88 1561 540 627 1130 166 0
Route #148 (Xe 147): 0 1235 1564 1043 1118 438 472 1182 631 174 276 0
Route #149 (Xe 148): 0 1285 800 980 1154 866 1065 569 863 1036 1173 0
Route #150 (Xe 149): 0 1000 1319 1556 409 176 845 841 324 585 1149 0
Route #151 (Xe 150): 0 385 1212 723 867 330 1567 633 47 62 449 0
Route #152 (Xe 151): 0 587 1064 1219 1458 1059 52 1457 221 1017 1488 0
Route #153 (Xe 152): 0 564 650 1312 389 859 1427 1541 53 1411 588 0
Route #154 (Xe 153): 0 1296 424 347 262 614 875 1554 960 1405 1399 0
Route #155 (Xe 154): 0 473 976 1513 1114 1298 515 319 607 1500 945 0
Route #156 (Xe 155): 0 242 1322 41 615 141 274 949 225 701 1079 0
Route #157 (Xe 156): 0 1423 629 1025 1039 754 407 1226 1318 1249 1577 0
Route #158 (Xe 157): 0 1497 707 1487 773 717 361 1150 393 362 380 0
Route #159 (Xe 158): 0 1477 547 1515 703 40 671 213 1512 951 117 0
Route #160 (Xe 159): 0 1297 545 767 1425 589 310 1506 15 1403 0
