Tổng quãng đường thực tế: 980.25 km
Số xe sử dụng: 174
Số khách hàng chưa gán: 0
Giá trị Objective cuối cùng: 98025.00

Lộ trình chi tiết:
Route #1: 598 699 616 879 1188 125 1221 815 3 1532
Route #2: 1064 1171 759 35 1057 633 1449 1099 9 105
Route #3: 1410 917 744 1039 792 1526 344 880 62 1587
Route #4: 706 313 1117 1251 765 1362 356 1224 1588 238
Route #5: 735 498 1399 197 1006 1106 1374 1538 992 1282
Route #6: 304 912 786 1086 141 758 223 212 361 1138
Route #7: 360 1212 602 430 719 54 55 215 673 811
Route #8: 910 205 900 63 92 64 1533 286 37 381
Route #9: 981 104 69 1383 1136 1303 188 681 717 909
Route #10: 557 865 1575 73 78 31 124 80 65 483
Route #11: 196 1424 1024 1294 847 393 1286 66 267 1361
Route #12: 190 956 464 1544 1499 30 665 1469 1275 96
Route #13: 979 496 965 99 766 606 649 1439 100 1257
Route #14: 510 6 1579 343 1357 970 110 705 742 1215
Route #15: 772 693 612 1504 418 1126 485 120 554 48
Route #16: 230 329 1479 101 828 21 1037 1201 36 169
Route #17: 53 1231 387 474 89 1101 595 468 136 962
Route #18: 778 1309 1265 146 755 352 142 159 1315 144
Route #19: 56 1141 575 1308 147 243 899 806 688 929
Route #20: 399 255 198 914 475 389 339 1077 1234 300
Route #21: 886 668 1455 348 164 117 160 960 311
Route #22: 1103 216 540 170 1198 1029 440 761 833 790
Route #23: 259 359 1272 228 1195 1220 1429 41 1302 721
Route #24: 1260 213 543 1596 108 1207 1079
Route #25: 535 427 1133 1010 931 936 605 814 1597 532
Route #26: 1435 256 858 512 520 473 119 1592 1554 183
Route #27: 1247 989 625 631 731
Route #28: 949 807 328 98 1216 173 1019 413 247 493
Route #29: 957 1487 1466 1196 684 249 788 1391 629 250
Route #30: 1465 837 1332 1583 694 1512 305 683 1485 805
Route #31: 846 1470 849 1183 695 1017 266 16 271 220
Route #32: 24 777 182 279 919 280 882 711 730 76
Route #33: 454 608 1088 1460 518 592 189 1142 281 1517
Route #34: 145 292 1128 824 916 787 801 1135 289 1408
Route #35: 301 497 303
Route #36: 1102 252 67 1121 662 417 154 254 1165
Route #37: 573 710 588 891 102 872 369 897 314 1432
Route #38: 838 323 1406 857 1144 569 530 708 763 299
Route #39: 1123 1314 494 1184 653 420 537 315 854 1149
Route #40: 342 165 448 429 107 644 864 1118 713 262
Route #41: 1380 971 224 452 1025 1363 1327 940 106
Route #42: 400 385 1180 558 611 1227 1440 958 357 1069
Route #43: 1381 1115 375 276 613 257 1034 551 376 336
Route #44: 877
Route #45: 666 409 121 610 1285 895 397 869 442 785
Route #46: 1423 726 158 1370 1049 177 1389 922 967 1300
Route #47: 1228 1186 1342 851 885 492 1468 482 1158 436
Route #48: 513 1162 1145 1205 1264 157 1236 626 823
Route #49: 18 1407 1122 830 319 366 194 431 199 863
Route #50: 433 435 516 913 1448 345 261 1428 287 1345
Route #51: 27 1279 1398 799 1454 46 1478 1351 1571 1355
Route #52: 1116 58 842 380 1337
Route #53: 244 128 509 1001 265 115 1052 1268 278 813
Route #54: 457 242 503 1509 273 221 1147 149 774 408
Route #55: 955 150 1541 966 1417 137 784 927 893 1061
Route #56: 1020 479 1599 263 1367 985 302 401 1129 817
Route #57: 1242 1203 495 656 1 1093 317 1068 1438 209
Route #58: 505 698 508 583 1266 93 580 1249 1405
Route #59: 217 515 1401 432 637 467 560 771 756 779
Route #60: 521 1598 1313 1027 582 782 525 383
Route #61: 1400 1193 617 1489 643 641 831 977 529 1176
Route #62: 434 1018 1058 1252 386 1050 738 437 539 167
Route #63: 757 251 1393 892 994 1522 1339 1041 187 34
Route #64: 1287 444 732 1009 559 178 1559 354 1310 648
Route #65: 1271 1531 1211 1248 1577 327 1012 1331 952 318
Route #66: 959 502 584 1413 1320 1568 574 570 50 519
Route #67: 88 804 112 700 239 470 591 1364 12 480
Route #68: 1508 1002 1518 338 1495 379 269 133 233
Route #69: 75 603 1003 1232 1551 601 1190 126 996 426
Route #70: 1572 1353 90 671 415 1377 808 930 222 1481
Route #71: 597 874 860 219 622 8 210 438 1274 783
Route #72: 38 1166 776 211 1525 978 184 634 19 441
Route #73: 522 1110 645 52 566 526 1488 455 1501 980
Route #74: 646 541 412 1535 180 1230 884 1318 600 1174
Route #75: 489 87 20 312 658 1170 702 660 447 661
Route #76: 1267 1085 225 1463 355 768 753 5 734 672
Route #77: 270 679 1305 680 151 1087 1104 678 1548 1098
Route #78: 687 1503 686 162 829 71 550 185 1056 737
Route #79: 207 392 1262 1022 1192 1155 928 836 1080 1060
Route #80: 802 697 624 1539 523 1250 1197 43 703 1396
Route #81: 988 293 707 918 1546 163
Route #82: 1322 1004 1273 1055 714 1561 715 11 822 1441
Route #83: 1530 1202 1543 797 371 794 1016 724 1475 720
Route #84: 23 727 478 422 890 1288 542 816 1324 1026
Route #85: 365 1360 202 59 654 307 1527 335 571 1480
Route #86: 538 411 750 1476 850 1225 748 568 800 867
Route #87: 760 1095 827 166 1409 1352 350 754 487 1066
Route #88: 1005 1076 655 1521 227 691 903 745 1326 767
Route #89: 1317 396 1472 1418 272 114 1456
Route #90: 504 553 1580 1139 1490 1107 743 74 236 245
Route #91: 618 547 993 1226 676 607 587 395 316 1045
Route #92: 1258 933 990 659 374 1137 1421 1194 1334 1156
Route #93: 769 1175 1084 935 1566 818 1500 564 260 1358
Route #94: 826
Route #95: 1348 1168 716 471 915 839 1243 840 969 964
Route #96: 1414 728 843 123 567 1482 192
Route #97: 248 780 762 834 25 1520 835 1386 1044 86
Route #98: 425 461 1347 1593 820 740
Route #99: 340 140 868 533 1537 870 862 26 428 871
Route #100: 83 1178 274 1078 888 347 129 1557 883 1229
Route #101: 351 1163 1368 152 1443 388 682 889 449 320
Route #102: 585 153 1529 1330 904 793 1528 1154 609 1105
Route #103: 275 905 1329 524 49 701 1298 621
Route #104: 1450 334 576 531 1014 373 511 852 1148 941
Route #105: 253 689 231 924 925 298 898 288
Route #106: 675 1199 1072 1090 652 1457 241 747 934 619
Route #107: 718 1059 972 809 370 416 446 246 856 1091
Route #108: 1263 647 657 7 477 1075 950 308 651
Route #109: 627 973 33 896 1524 1507 42 723 586 604
Route #110: 14 623 968 333 382 127 1295 306 546 68
Route #111: 984 1096 825 976 1070 264
Route #112: 907 1323 82 1446 987 285 983 486 15 85
Route #113: 1292 1365 581 1237 1217 1560 1328 39 599 939
Route #114: 296 1089 1000 1402 295 469 1278 326
Route #115: 118 1241 1354 218 1111 733 407 283 1412 484
Route #116: 589 796 986 466 563 1161 1023 1471 615 1552
Route #117: 746 1284 926 1031 1325 174 1569 1150
Route #118: 696 364 1420 372 1434 938 1549 1036 214 1404
Route #119: 963 193 1047 156 640 974 391 561 47 1542
Route #120: 10 1369 722 97 752 490 1051 1109 1453 873
Route #121: 1119 1127 472 650 402 944 709 1312 749 1373
Route #122: 562 1140 1356 465 91 410 1433 832 1437 1558
Route #123: 346 1210 1067 1333 1506 1131 506 1125 1065 421
Route #124: 1301 363 1081 975 406 1473 1562 1053 1083 1214
Route #125: 594 565 878 135 358 1094 739 1146 131 1346
Route #126: 394 725 1097 1035 638 1494 875 179
Route #127: 1586 443 462 1112 1311 1384 1157
Route #128: 1082 1114 549 1245 855 1042
Route #129: 1570 1124 229 368 921 138
Route #130: 309 1431 1276 544 534 240 1581 1375 330 1204
Route #131: 1152 1372 1033 845 1208 1376 932 500 460 998
Route #132: 908 1164 1340 116 1497 321 1167 1378 171 1256
Route #133: 692 1028 1038 945 1169 405 514
Route #134: 1492 1534 1218 1502 294 111 1556 1550 234 72
Route #135: 1515 423 226 1233
Route #136: 453 1261 1403 1179 670 1173 268 590
Route #137: 536 791 403 770 1046 1206 4 60 1411 378
Route #138: 168 995 1255 953 463 1445 1213 57 204 937
Route #139: 1259 349 1444 798 1447 1321 1304 632 404 1467
Route #140: 923 201 95 1416 902 579 17 277 1496 639
Route #141: 1573 45 1343 1388 946 545 1120 1030 235
Route #142: 1498 1269 456 1071
Route #143: 1513 134 947 390 181 942 40 1477 507
Route #144: 729 139 1293 81
Route #145: 325 1299 1073 736 458 1290 1092 1200 1240 1576
Route #146: 488 1159 1130 1350 200 1151 999 451 61 620
Route #147: 1442 324 1185 1306 130 384 1043 1395 1113 481
Route #148: 1177 310 751 596 1319 876 775 781 577 1415
Route #149: 1344 911 954 881 1011 148 812 1209 1335 1486
Route #150: 1222 1281 556 1015 1341 1574 764 1063 982 77
Route #151: 175 1349 1555 1594
Route #152: 491 232 1143 1385 1382 291 853 528 331 122
Route #153: 1270 1484 439 1338 1419 712 1297 1451 951 1182
Route #154: 1100 1427 1048 1189 1246 741 803 1390 841 642
Route #155: 1397 1291 704 195 445 1296 1021 337 1359
Route #156: 70 810 1462 1523 203 1519 1153 191 297 1336
Route #157: 206 1595 398 459 1379 1425 1253 887 1547 1426
Route #158: 1307 920 572 674 1392 2 861 419 1108 322
Route #159: 1032 186 1567 1422 1387 1564 517 1436 450 44
Route #160: 143 32 109 552 1483 1244 667 677
Route #161: 341 866 1040 1458 1459 94 29 1132 1589 1464
Route #162: 1235 282 176
Route #163: 894 1491 555 1430 103 1493 795 113 614 1238
Route #164: 1474 1511 1366 1516 1510 593
Route #165: 578 424 1074 79 1219 1584 1289 961 476 161
Route #166: 635 1565 332 172 1277
Route #167: 22 548 1536 819 1223 906 414 789 859 997
Route #168: 844 848 1505 1540 901 377 1371 527 1187 1007
Route #169: 362 1316 948 501 1545 499 1008 237 773 51
Route #170: 1160 1452 1134 628 208 1585 13 991 943 690
Route #171: 1553 1461 669 1181 821 284 258 1054 1563 1172
Route #172: 1062 132 1283 353 28 630 155 664 1254 290
Route #173: 1191 636 1578 1394 1582
Route #174: 367 1013 663 1590 1239 685 84 1591 1280 1514
