Tổng quãng đường thực tế: 1663.72 km
Số xe sử dụng: 160
Số khách hàng chưa gán: 0
Giá trị Objective cuối cùng: 166371.84
Tổng thời gian chạy: 180.01 giây
----------------------------------------
Route #1: 0 1303 22 644 1177 1425 1276 208 1106 1538 1513 0
Route #2: 0 196 1474 1096 984 1272 174 1442 1480 1516 441 0
Route #3: 0 1233 860 113 387 21 265 546 685 951 935 0
Route #4: 0 1539 103 744 97 237 1227 834 813 953 863 0
Route #5: 0 391 817 1441 856 6 11 775 712 819 1129 0
Route #6: 0 433 336 1359 743 1293 1038 349 541 1124 535 0
Route #7: 0 1229 55 1599 950 1554 1040 1407 962 37 826 0
Route #8: 0 415 1203 248 1226 583 1504 691 486 903 99 0
Route #9: 0 1555 723 858 774 1565 1592 773 1039 639 68 0
Route #10: 0 1566 1415 491 974 1110 200 370 446 1204 309 0
Route #11: 0 767 444 419 482 1433 1137 1046 893 322 811 0
Route #12: 0 949 866 1162 167 1152 302 1239 1510 460 536 0
Route #13: 0 1076 369 1230 345 283 922 1281 946 1552 1156 0
Route #14: 0 1099 1389 158 897 1429 884 483 806 1305 790 0
Route #15: 0 176 282 1426 1165 161 885 490 1109 1225 1371 0
Route #16: 0 310 166 1130 1143 1237 1304 52 276 410 1345 0
Route #17: 0 762 829 1180 748 78 808 1041 297 982 122 0
Route #18: 0 957 552 156 640 1047 892 815 401 1393 877 0
Route #19: 0 959 295 172 587 659 1354 454 1135 929 272 0
Route #20: 0 838 660 649 206 451 581 528 1027 1373 1123 0
Route #21: 0 1286 1443 891 285 1446 1022 973 63 905 554 0
Route #22: 0 1107 788 1311 1000 770 457 1089 1275 708 57 0
Route #23: 0 994 1367 429 382 718 798 556 261 975 354 0
Route #24: 0 740 695 1249 1103 1470 604 561 999 110 1182 0
Route #25: 0 1558 1122 898 916 1421 572 752 1589 431 281 0
Route #26: 0 252 1522 1358 107 390 510 32 130 1489 106 0
Route #27: 0 861 323 43 1126 621 1490 643 1514 632 35 0
Route #28: 0 779 637 1280 1561 1451 69 1478 260 818 521 0
Route #29: 0 115 355 1 1575 258 865 20 1520 1505 1346 0
Route #30: 0 912 1052 954 210 1458 1493 1459 601 294 1092 0
Route #31: 0 824 753 1541 836 280 94 792 670 1464 3 0
Route #32: 0 1423 846 1112 969 1078 1016 1499 1147 222 1546 0
Route #33: 0 1042 366 34 461 1141 631 275 776 59 299 0
Route #34: 0 1102 934 171 139 1322 534 1375 1595 947 742 0
Route #35: 0 1424 971 117 1072 747 589 1201 1518 1364 50 0
Route #36: 0 7 81 1032 1564 1294 543 184 262 937 847 0
Route #37: 0 340 1115 1550 1332 1583 987 889 674 1173 1167 0
Route #38: 0 698 689 512 622 603 850 185 624 1404 1194 0
Route #39: 0 232 1133 1357 809 526 1312 368 1534 611 1154 0
Route #40: 0 241 469 925 1414 1080 1082 920 1439 290 648 0
Route #41: 0 436 28 1377 930 1392 82 683 1184 466 1582 0
Route #42: 0 376 308 882 49 505 590 731 667 825 1455 0
Route #43: 0 250 1471 549 1037 470 1146 409 1475 843 880 0
Route #44: 0 1291 1071 1269 591 31 1463 1519 736 706 1234 0
Route #45: 0 1325 1309 406 516 913 1088 518 872 218 1005 0
Route #46: 0 437 1196 870 1139 1449 1070 264 690 134 1596 0
Route #47: 0 51 209 1577 958 244 92 1098 1466 1199 1185 0
Route #48: 0 254 842 1292 1215 642 755 386 1457 396 1149 0
Route #49: 0 233 489 848 458 1153 923 699 383 692 1031 0
Route #50: 0 104 160 1405 105 1220 1461 1502 426 1410 787 0
Route #51: 0 1007 423 315 277 1198 869 952 123 855 785 0
Route #52: 0 576 1465 2 214 1462 1556 1549 178 85 1574 0
Route #53: 0 653 474 1231 1003 119 1285 598 1067 1333 559 0
Route #54: 0 424 1468 126 1219 565 915 1251 1073 1492 1386 0
Route #55: 0 1342 155 1036 1356 1240 203 1170 901 1289 1572 0
Route #56: 0 571 125 1100 918 204 538 331 211 12 1095 0
Route #57: 0 1598 1086 1238 1206 1035 797 379 784 597 381 0
Route #58: 0 778 1090 168 374 851 73 312 1540 609 1485 0
Route #59: 0 27 164 964 1508 60 1266 443 777 1320 236 0
Route #60: 0 989 520 840 627 1179 23 1155 795 341 1456 0
Route #61: 0 1435 599 548 39 1064 853 13 943 566 681 0
Route #62: 0 1212 1388 658 313 938 111 1290 1218 1584 80 0
Route #63: 0 373 198 449 732 852 177 314 1460 789 414 0
Route #64: 0 657 9 1228 802 495 835 278 90 191 269 0
Route #65: 0 647 1087 1288 983 592 1569 537 411 202 696 0
Route #66: 0 981 445 1021 879 318 440 509 1509 1507 1224 0
Route #67: 0 927 804 17 1085 638 169 595 563 988 514 0
Route #68: 0 677 803 38 1246 1394 293 1058 159 142 1580 0
Route #69: 0 363 1025 573 820 334 1559 1341 682 948 89 0
Route #70: 0 800 464 1002 93 335 500 1483 940 726 1363 0
Route #71: 0 1270 455 596 217 887 970 1297 439 1175 1084 0
Route #72: 0 1205 195 1189 1048 173 1244 1043 26 672 324 0
Route #73: 0 734 1500 738 827 760 1119 1374 600 257 72 0
Route #74: 0 1337 724 447 227 733 1015 1063 1217 1536 1532 0
Route #75: 0 365 707 42 468 1486 18 392 1013 428 1221 0
Route #76: 0 1125 129 878 501 499 904 1434 1168 832 120 0
Route #77: 0 1202 1271 1108 615 783 1164 128 900 33 976 0
Route #78: 0 1472 1418 1216 652 413 1138 1586 338 1248 823 0
Route #79: 0 1597 641 529 582 287 764 1521 1324 364 41 0
Route #80: 0 1259 1008 1353 996 550 555 266 1396 651 1116 0
Route #81: 0 245 1477 756 1579 1401 759 472 1321 1253 58 0
Route #82: 0 333 1273 1591 127 1091 1395 533 1537 306 814 0
Route #83: 0 83 614 230 121 1557 993 995 527 754 1408 0
Route #84: 0 477 1181 375 1361 810 630 54 1416 530 114 0
Route #85: 0 968 1352 291 522 1159 1151 1365 705 781 620 0
Route #86: 0 1191 1245 1531 24 1298 1001 1544 344 76 504 0
Route #87: 0 268 758 575 894 235 1033 1376 243 361 179 0
Route #88: 0 1313 1053 1264 147 231 371 148 875 1118 1571 0
Route #89: 0 102 1049 1535 353 471 607 585 395 1214 1314 0
Route #90: 0 931 714 1431 1397 1360 321 722 725 360 1083 0
Route #91: 0 190 1121 1366 816 1190 558 1034 765 1445 229 0
Route #92: 0 1402 273 1101 456 711 1250 284 135 1232 896 0
Route #93: 0 662 405 1413 187 319 1512 422 967 86 300 0
Route #94: 0 1525 328 619 757 1188 1284 367 213 998 311 0
Route #95: 0 1588 356 1411 4 688 1150 452 393 1351 1019 0
Route #96: 0 577 822 771 1004 343 1547 876 1319 1006 515 0
Route #97: 0 1403 1161 65 221 665 325 1062 1453 701 1316 0
Route #98: 0 687 1012 730 849 1568 132 1044 873 150 626 0
Route #99: 0 1307 358 1192 1267 1469 580 453 1343 1094 713 0
Route #100: 0 1384 242 1529 1440 1131 1381 985 247 1306 831 0
Route #101: 0 635 1578 329 666 1417 1243 1335 839 239 801 0
Route #102: 0 1057 709 944 1171 488 1010 517 1436 1422 1567 0
Route #103: 0 721 807 40 181 143 109 352 249 684 617 0
Route #104: 0 182 928 902 874 1331 5 332 1524 1018 932 0
Route #105: 0 292 317 1074 1093 545 1399 634 1390 841 417 0
Route #106: 0 1587 463 1077 1517 525 980 926 1542 1061 359 0
Route #107: 0 1419 432 459 650 402 1059 1452 1145 1383 1136 0
Route #108: 0 854 1114 584 10 316 1344 478 1117 1533 1548 0
Route #109: 0 625 700 16 1209 579 101 136 1277 263 679 0
Route #110: 0 821 71 1551 465 664 737 1420 1140 377 961 0
Route #111: 0 586 1481 1573 502 1079 193 427 992 467 715 0
Route #112: 0 1172 1545 91 997 1111 1428 475 435 1081 542 0
Route #113: 0 75 212 955 1183 703 508 64 796 845 165 0
Route #114: 0 124 506 70 1563 567 868 253 990 1247 1260 0
Route #115: 0 616 372 719 95 225 768 25 480 131 678 0
Route #116: 0 1258 45 562 606 1448 189 15 407 906 1256 0
Route #117: 0 750 704 1349 137 676 1348 656 881 1148 1105 0
Route #118: 0 188 1400 1530 112 568 697 1197 569 418 610 0
Route #119: 0 513 1174 939 1166 899 1347 965 1370 1300 1169 0
Route #120: 0 675 751 1487 1252 1355 772 223 421 1257 871 0
Route #121: 0 108 1594 693 1011 36 1543 397 812 149 192 0
Route #122: 0 118 305 1211 1369 485 1497 98 663 1208 942 0
Route #123: 0 442 1210 671 1254 1186 613 1438 914 351 1213 0
Route #124: 0 618 141 1030 1255 357 296 434 1391 1317 228 0
Route #125: 0 62 116 883 286 1207 175 1158 1473 1327 1028 0
Route #126: 0 1299 1528 430 162 857 686 1326 1142 1241 1339 0
Route #127: 0 380 1045 1302 1195 1287 805 608 1176 1515 494 0
Route #128: 0 66 267 1444 44 936 487 1282 769 270 186 0
Route #129: 0 138 661 1380 945 496 766 655 531 497 163 0
Route #130: 0 729 498 978 1372 1050 741 680 74 507 977 0
Route #131: 0 629 226 67 986 1308 864 100 183 326 786 0
Route #132: 0 564 473 1479 1029 888 274 1496 966 1274 1075 0
Route #133: 0 1024 782 412 1412 389 152 1432 979 833 908 0
Route #134: 0 793 1068 1523 702 1056 1283 79 201 1576 1144 0
Route #135: 0 87 844 385 1200 716 911 717 29 1120 1437 0
Route #136: 0 1501 1235 791 1511 593 1278 420 1104 830 288 0
Route #137: 0 301 1318 484 194 1009 1323 890 1310 921 342 0
Route #138: 0 88 1242 673 215 1020 289 544 246 991 1385 0
Route #139: 0 654 794 1178 53 394 828 170 1065 570 862 0
Route #140: 0 1350 1409 1581 645 669 320 511 327 919 1060 0
Route #141: 0 362 933 1262 1051 1506 1132 1526 746 304 56 0
Route #142: 0 1338 628 1585 972 416 1590 1113 761 479 476 0
Route #143: 0 1398 1295 1134 1560 1328 330 14 623 47 1066 0
Route #144: 0 259 307 133 547 398 1447 560 1488 1484 1387 0
Route #145: 0 1160 46 1097 909 917 602 557 256 238 1570 0
Route #146: 0 1476 8 438 1593 425 1491 1527 799 384 1193 0
Route #147: 0 1223 1379 1055 1467 197 48 763 646 1127 350 0
Route #148: 0 77 346 234 588 145 837 1014 1163 924 448 0
Route #149: 0 255 303 1562 941 780 1128 1336 180 745 859 0
Route #150: 0 633 1026 907 199 388 404 1382 963 240 84 0
Route #151: 0 403 1362 1157 30 408 462 1494 720 96 553 0
Route #152: 0 399 1279 1427 337 157 739 895 910 378 867 0
Route #153: 0 636 1261 207 956 1482 151 19 1378 519 144 0
Route #154: 0 61 749 224 450 154 1265 205 503 886 668 0
Route #155: 0 578 1330 1268 1430 594 1054 1503 279 271 493 0
Route #156: 0 612 400 523 727 298 574 1498 1495 1236 524 0
Route #157: 0 1222 1334 710 1450 694 492 1406 551 1368 339 0
Route #158: 0 1301 540 1017 216 347 140 219 1023 146 1454 0
Route #159: 0 1553 1340 1315 1329 153 728 220 1187 1069 1263 0
Route #160: 0 348 1296 735 481 605 539 960 532 251 0
